        1.0000000000        -3.0942957401
        2.0000000000        -1.7926579714
        3.0000000000        -1.4005962610
        4.0000000000        -1.7797555923
        5.0000000000        -1.0791530609
        6.0000000000        -1.3649561405
        7.0000000000        -1.5668618679
        8.0000000000        -2.1604132652
        9.0000000000        -1.2005583048
       10.0000000000        -1.5061877966
       11.0000000000        -0.7644110322
       12.0000000000        -1.4311954975
       13.0000000000        -1.3847383261
       14.0000000000        -0.9921646118
       15.0000000000        -1.1526415348
       16.0000000000        -1.4663064480
       17.0000000000        -2.3199124336
       18.0000000000        -0.3354801238
       19.0000000000        -1.2057971954
       20.0000000000        -1.1105856895
       21.0000000000        -1.9040558338
       22.0000000000        -0.2632473707
       23.0000000000        -0.7812006474
       24.0000000000        -0.2819997668
       25.0000000000        -1.4416724443
       26.0000000000        -0.9534137249
       27.0000000000        -1.3403221369
       28.0000000000        -0.8528869748
       29.0000000000        -1.2793494463
       30.0000000000        -1.2462247610
       31.0000000000        -1.4967830181
       32.0000000000        -1.1055629253
       33.0000000000        -0.6637763381
       34.0000000000        -0.9968588352
       35.0000000000        -1.0144089460
       36.0000000000        -0.2774720788
       37.0000000000        -0.8704890609
       38.0000000000        -0.8113197088
       39.0000000000        -0.8766017556
       40.0000000000        -1.1175090075
       41.0000000000        -1.0384935141
       42.0000000000        -0.9465368390
       43.0000000000        -1.0949578285
       44.0000000000        -1.1401846409
       45.0000000000        -0.8977008462
       46.0000000000        -0.9746651053
       47.0000000000        -1.2802628279
       48.0000000000        -0.4284248352
       49.0000000000        -1.3491357565
       50.0000000000        -0.8958797455
       51.0000000000        -0.7262390256
       52.0000000000        -0.4081011117
       53.0000000000        -1.2326830626
       54.0000000000        -0.5309646130
       55.0000000000        -1.5162706375
       56.0000000000        -0.8536005616
       57.0000000000        -0.1520251632
       58.0000000000        -1.6615740061
       59.0000000000        -0.4632724524
       60.0000000000        -1.4810883999
       61.0000000000        -1.1379721165
       62.0000000000        -1.1656365395
       63.0000000000        -0.6251787543
       64.0000000000        -0.6657056808
